0.0
0.5015157872314541
0.8677712552040519
0.9999862004036565
0.8625018536473206
0.4923981575984937
-0.010506805518935656
-0.5105780515230374
-0.8729448582774555
-0.9998758059180445
-0.8571372353281633
-0.48322616917407973
0.021012451128474344
0.5195839500354331
0.8780220917224001
0.9996550291339309
0.8516779924790332
0.4740008345091293
-0.03151577704726801
-0.5285324885533876
-0.8830023950325763
-0.9993238944241918
-0.8461247277785522
-0.46472317204377017
0.04201562375005499
0.5374226791939619
0.8878852184023748
0.9988824383447774
0.8404780542849808
0.45539420599491254
-0.05251083209566473
-0.5462535405155896
-0.8926700227875819
-0.9983307096306773
-0.8347385953685379
-0.4460149662431766
0.06300024345497482
0.5550240976264231
0.8973562799648921
0.9976687691905392
0.8289069846425791
0.43658648821919704
-0.07348269983884473
-0.5637333822919648
-0.9019434725902122
-0.9968966900999464
-0.8229838658936585
-0.42710981278932375
0.08395704402591594
0.572380433041943
0.9064310942557872
0.9960145575933487
0.8169698930104432
0.41758598614069675
-0.0944221196904001
-0.5809642952764592
-0.9108186495460918
-0.9950224690546551
-0.8108657299115419
-0.4080160596657752
0.10487677152970602
0.5894840213713953
0.9151056540925357
0.9939205340064795
0.8046720504721973
0.3984010898462421
-0.11531984539199133
-0.597938670782975
-0.919291634626922
-0.9927088740980542
-0.7983895384498984
-0.38874213813640235
0.12575018840357963
0.6063273101516599
0.9233761290337114
0.9913876230917974
0.7920188874089013
0.37904027084595654
-0.13616664909624715
-0.6146490134051366
-0.9273586864010195
-0.989956926848547
-0.785560800643656
-0.3692965590223598
0.14656807753427706
0.622902861860572
0.9312388670704074
0.9884169433114596
0.7790159911011717
0.3595120783324977
-0.15695332544150264
-0.6310879443260488
-0.9350162426854122
-0.9867678424885706
-0.772385181302293
-0.34968790894398205
0.16732124632798812
0.6392033572011233
0.9386903962388491
0.985009806434027
0.7656691032619626
0.33982513540591214
-0.17767069561666665
-0.6472482045766027
-0.9422609221188192
-0.9831430292279977
-0.7588684984083927
-0.32992484652912446
0.1880005307696131
0.6552215983334381
0.9457274261535202
0.9811677169552322
0.7519841175012226
0.319988135266006
-0.19830961141426662
-0.663122658240791
-0.9490895256547437
-0.9790840876823249
-0.74501672054862
-0.310016098589803
0.20859679946928114
0.6709505120531698
0.9523468494601225
0.9768923714336303
0.7379670767234063
0.3000098373735934
-0.21886095927012342
-0.6787042956067649
-0.9554990379740999
-0.9745928101658705
-0.730835964278125
-0.28997045626866047
0.22910095769453617
0.6863831529148222
0.9585457432076548
0.9721856577414398
0.7236241704591398
0.2798990635826182
-0.23931566428755396
-0.69398623626211
-0.9614866288166847
-0.9696711799003592
-0.7163324914196869
-0.26979677115702444
0.24950395138632167
0.7015127062986012
0.964321370139155
0.9670496542309405
0.7089617321320408
0.2596646942446588
-0.259664694244646
-0.7089617321320315
-0.9670496542309371
-0.9643213701391584
-0.7015127062986005
-0.24950395138634823
0.2697967711570254
0.7163324914196677
0.969671179900356
0.9614866288166882
0.6939862362621195
0.23931566428756681
-0.2798990635826191
-0.723624170459121
-0.9721856577414401
-0.9585457432076626
-0.6863831529148215
-0.22910095769454905
0.2899704562686478
0.730835964278116
0.9745928101658676
0.9554990379741037
0.6787042956067747
0.21886095927013632
-0.3000098373735808
-0.737967076723407
-0.9768923714336244
-0.9523468494601223
-0.6709505120531901
-0.20859679946928714
0.3100160985897972
0.7450167205486112
0.9790840876823207
0.9490895256547456
0.6631226582408062
0.19830961141427958
-0.31998813526598
-0.751984117501214
-0.9811677169552296
-0.9457274261535268
-0.6552215983334535
-0.18800053076961912
0.32992484652910525
0.7588684984083887
0.9831430292279952
0.9422609221188236
0.647248204576602
0.17767069561667967
-0.33982513540590636
-0.7656691032619495
-0.9850098064340259
-0.9386903962388512
-0.6392033572011335
-0.16732124632800818
0.34968790894397633
0.7723851813022801
0.9867678424885684
0.9350162426854219
0.631087944326059
0.15695332544151572
-0.3595120783324787
-0.7790159911011589
-0.9884169433114587
-0.9312388670704148
-0.6229028618605823
-0.14656807753429013
0.36929655902234754
0.7855608006436565
0.9899569268485452
0.9273586864010218
0.6146490134051527
0.13616664909625323
-0.3790402708459508
-0.7920188874088933
-0.9913876230917956
-0.9233761290337137
-0.6063273101516761
-0.12575018840359273
0.3887421381363771
0.7983895384498904
0.9927088740980526
0.91929163462693
0.5979386707829913
0.11531984539199742
-0.39840108984622347
-0.8046720504721894
-0.9939205340064781
-0.9151056540925411
-0.5894840213713946
-0.10487677152972272
0.4080160596657696
0.8108657299115446
0.9950224690546523
0.9108186495460973
0.5809642952764613
0.09442211969040265
-0.4175859861406686
-0.8169698930104397
-0.9960145575933481
-0.9064310942557913
-0.5723804330419509
-0.08395704402593267
0.4271098127893086
0.8229838658936469
0.9968966900999447
0.9019434725902226
0.5637333822919844
0.07348269983884374
-0.4365864882191979
-0.8289069846425617
-0.997668769190539
-0.8973562799648948
-0.5550240976264311
-0.06300024345498803
0.4460149662431647
0.8347385953685287
0.9983307096306779
0.8926700227875911
0.5462535405156067
0.05251083209568682
-0.455394205994915
-0.8404780542849659
-0.9988824383447761
-0.887885218402376
-0.5374226791939656
-0.04201562375009128
0.4647231720437616
0.8461247277785461
0.9993238944241913
0.8830023950325699
0.528532488553402
0.031515777047288335
-0.4740008345091098
-0.8516779924790356
-0.9996550291339302
-0.8780220917224133
-0.5195839500354338
-0.0210124511284778
0.48322616917405026
0.8571372353281597
0.9998758059180443
0.872944858277461
0.5105780515230488
0.010506805518951105
-0.4923981575984787
-0.8625018536473251
-0.9999862004036564
-0.8677712552040634
-0.5015157872314762
9.82193361864236e-16
